Accuracy: 84.53%
Boxes:
 [[ 446.97816667  213.59523179]
 [ 302.537       141.70225166]
 [ 606.81566667  399.97642384]
 [  44.95083333   35.27708609]
 [  86.1365       51.89139073]
 [ 203.04033333   83.60503311]
 [ 134.69258333   71.5607947 ]
 [ 607.297       606.25854305]
 [ 202.30883333  115.10728477]]
Ratios:
 [1.0, 1.27, 1.52, 1.66, 1.76, 1.88, 2.09, 2.14, 2.43]


Accuracy: 84.81%
Boxes:
 [[  92.0835       55.07986755]11
 [ 286.70683333  146.39059603]11
 [  47.94016667   37.42370861]11
 [ 434.30833333  192.93178808]11
 [ 223.07583333   98.63642384]11
 [ 517.14833333  285.8807947 ]11
 [ 147.69808333   75.7407947 ]11
 [ 606.99616667  416.85748344]11
 [ 607.297       606.39443709]]
Ratios:
 [1.0, 1.28, 1.46, 1.67, 1.81, 1.95, 1.96, 2.25, 2.26]
